CELL_PARAMETERS (angstrom)
   7.859964894   0.000000000   0.000000000
   0.000000000   7.859964894   0.000000000
   0.000000000   0.000000000   7.859964894
CELL_PARAMETERS (angstrom)
   7.860042353   0.000000000   0.000000000
   0.000000000   7.860042353   0.000000000
   0.000000000   0.000000000   7.860042353
CELL_PARAMETERS (angstrom)
   7.863064086   0.000000000   0.000000000
   0.000000000   7.863064086   0.000000000
   0.000000000   0.000000000   7.863064086
CELL_PARAMETERS (angstrom)
   7.860095279   0.000000000   0.000000000
   0.000000000   7.860095279   0.000000000
   0.000000000   0.000000000   7.860095279
CELL_PARAMETERS (angstrom)
   7.866027556   0.000000000   0.000000000
   0.000000000   7.866027556   0.000000000
   0.000000000   0.000000000   7.866027556
CELL_PARAMETERS (angstrom)
   7.860199842   0.000000000   0.000000000
   0.000000000   7.860199842   0.000000000
   0.000000000   0.000000000   7.860199842
CELL_PARAMETERS (angstrom)
   7.860064971   0.000000000   0.000000000
   0.000000000   7.860064971   0.000000000
   0.000000000   0.000000000   7.860064971
